0.8588235294117647 0.7058823529411765 0.403921568627451
0.9019607843137255 0.7568627450980392 0.4666666666666667
0.8941176470588236 0.7490196078431373 0.4823529411764706
0.8549019607843137 0.7137254901960784 0.4745098039215686
0.8274509803921568 0.6901960784313725 0.4274509803921568
0.8627450980392157 0.7098039215686275 0.4470588235294118
0.8392156862745098 0.7098039215686275 0.4470588235294118
0.8431372549019608 0.7058823529411765 0.4274509803921568
0.9176470588235294 0.7607843137254902 0.4627450980392157
0.9137254901960784 0.7568627450980392 0.4980392156862745
0.8980392156862745 0.7607843137254902 0.5490196078431373
0.8627450980392157 0.7372549019607844 0.5098039215686274
0.8666666666666667 0.7372549019607844 0.4862745098039216
0.8901960784313725 0.7490196078431373 0.4666666666666667
0.8784313725490196 0.7529411764705882 0.4862745098039216
0.9058823529411765 0.7647058823529411 0.4980392156862745
0.8862745098039215 0.7333333333333333 0.4
