1.842079531126156 4.607571604482282
5.658583120618816 4.799964054441543
6.35257892020234 3.290854498754266
2.904016525281363 4.612204112815066
3.231979157207443 4.939894052826295
1.247922679700377 4.93267846009402
1.97619886162512 4.434896742381875
2.23454135329173 5.055471681344978
2.983407571660435 4.840464061253519
2.979703906925933 4.806710807986595
2.114964111296854 5.373735865287625
2.121695429851929 5.208542115552275
1.514352903108069 4.77003303264906
2.169792270988234 5.274353538341508
0.4185237324421214 4.883125218349286
2.47053694822282 4.804189440854675
4.060691324409988 4.995038620740097
